0.000000 -0.000000 0.000000 -0.000000
-0.140643 2.574964 0.024665 2.097044
-0.281220 5.148987 -0.081606 4.259087
-0.421837 7.724036 -0.136918 6.648557
-0.562431 10.298960 -0.286427 9.074154
-0.701879 12.869650 -0.416949 11.568938
-0.854664 15.479570 -0.615168 14.168280
-1.011589 18.173180 -0.769197 16.848696
-1.171840 20.913680 -0.922949 19.560007
-1.334841 23.709530 -1.177017 22.346406
-1.487044 26.544710 -1.356695 25.189495
-1.633363 29.422930 -1.553815 28.057071
-1.768976 32.357140 -1.716501 31.009496
-1.929780 35.330970 -1.925064 34.045758
-2.126953 38.471510 -2.141480 37.034526
-2.329940 41.561110 -2.371429 40.034150
-2.535885 44.597900 -2.624486 42.990073
-2.728914 47.592750 -2.912828 45.947017
-2.937935 50.537730 -3.175851 48.843062
-3.130185 53.464980 -3.405043 51.775134
-3.310922 56.350390 -3.657331 54.595259
-3.511313 59.225400 -3.904609 57.458477
-3.703384 62.006320 -4.158169 60.227238
-3.912602 64.697860 -4.452078 62.909812
-4.114442 67.264550 -4.709968 65.422632
-4.313021 69.714240 -4.925331 67.791189
-4.514875 72.037350 -5.155730 70.097682
-4.709494 74.175390 -5.382082 72.161590
-4.891889 76.138280 -5.646076 74.149797
-5.039038 77.925340 -5.818723 75.963366
-5.159772 79.592300 -5.997623 77.607417
-5.235209 81.135380 -6.114801 79.106607
-5.207469 82.555940 -6.116367 80.542686
-5.029560 83.885300 -5.957295 81.903054
-4.680938 85.118200 -5.601855 83.196505
-4.130089 86.200010 -5.081000 84.310873
-3.393066 87.095580 -4.379499 85.243179
-2.508137 87.820100 -3.512698 86.000199
-1.511055 88.343490 -2.510065 86.601367
-0.450022 88.747950 -1.494199 87.010450
0.676345 89.023150 -0.453630 87.274740
1.832910 89.277150 0.658945 87.525522
3.089762 89.418990 1.870654 87.679874
4.475771 89.556060 3.238966 87.841043
5.974572 89.621010 4.726582 87.963198
7.614093 89.671530 6.340300 88.046038
9.420230 89.707860 8.190141 88.119199
11.388370 89.721450 10.196744 88.212708
13.505010 89.738680 12.300959 88.301216
15.773680 89.805260 14.566797 88.473488
18.156510 89.929480 16.949744 88.671892
20.581930 90.082780 19.402815 88.837418
23.034320 90.227690 21.870404 89.099985
25.478370 90.365000 24.316192 89.321861
27.909920 90.499220 26.770080 89.523164
30.340320 90.588890 29.228355 89.684153
32.740690 90.598330 31.626940 89.763884
35.110390 90.529620 33.978025 89.761237
37.430830 90.386730 36.269417 89.657055
39.683630 90.176290 38.434222 89.510494
41.863240 89.910310 40.583464 89.269006
43.959460 89.634420 42.665183 89.013384
45.922800 89.378560 44.634554 88.788841
47.726310 89.193250 46.440723 88.634874
49.366470 89.121130 48.067720 88.647739
50.939410 89.191540 49.558150 88.766504
52.464070 89.450930 51.040958 89.050807
53.889450 89.945260 52.369741 89.547487
55.133190 90.660970 53.617184 90.297280
56.158450 91.620300 54.638518 91.275465
56.967930 92.764920 55.438265 92.423122
57.539920 94.061200 55.950927 93.737178
57.927200 95.446880 56.275455 95.147689
58.277310 96.884370 56.547903 96.596565
58.589460 98.403450 56.770146 98.100028
58.940360 100.002400 57.062797 99.706322
59.343230 101.692600 57.365738 101.380322
59.798800 103.499800 57.739273 103.192097
60.309140 105.392300 58.157980 105.118787
60.819120 107.363700 58.585367 107.141236
61.355080 109.477800 58.963895 109.245150
61.874140 111.669200 59.394700 111.453278
62.417580 113.964900 59.819475 113.770173
62.973720 116.373200 60.271831 116.197523
63.512460 118.836400 60.682592 118.660423
64.057360 121.342700 61.126359 121.150779
64.655860 123.876700 61.609681 123.643826
65.262090 126.422600 62.108597 126.235275
65.864770 128.941000 62.606909 128.770479
66.510510 131.382800 63.085138 131.233727
67.135460 133.867500 63.554063 133.684566
67.748220 136.262500 64.007305 136.071504
68.311480 138.668800 64.414596 138.532912
68.830800 141.066900 64.828813 141.008023
69.359830 143.451000 65.218685 143.400340
69.844620 145.829800 65.559415 145.757803
70.257380 148.240700 65.821093 148.177253
70.634070 150.615300 66.080243 150.544322
70.952630 153.048800 66.273005 153.019347
71.236680 155.482600 66.430297 155.445341
71.430750 157.958600 66.529525 157.920827
71.592060 160.420500 66.615268 160.422730
71.705560 162.889100 66.641453 162.847587
71.811250 165.386800 66.667996 165.319761
71.901490 167.846500 66.664932 167.781301
71.944200 170.358200 66.603977 170.341007
71.944230 172.867000 66.488397 172.832064
71.880770 175.411200 66.301844 175.371566
71.759300 177.947700 66.085675 177.879880
71.629380 180.489300 65.854326 180.400583
71.495820 183.069400 65.581256 183.024271
71.389860 185.611000 65.320176 185.542184
71.229200 188.181800 65.036111 188.070632
71.075770 190.694700 64.749633 190.587067
70.908190 193.208300 64.437953 193.087250
70.732240 195.676300 64.124544 195.523003
70.587330 197.902600 63.858986 197.968992
70.462020 200.022200 63.571237 200.244104
70.336670 202.141700 63.312685 202.362457
70.211280 204.261000 63.093336 204.385697
70.085900 206.379000 62.913117 206.390701
69.986060 208.445300 62.745648 208.369509
70.007780 210.375700 62.699600 210.323632
70.026080 212.295900 62.607254 212.224758
70.017620 214.252400 62.530057 214.154968
70.013230 216.217200 62.411782 216.089250
69.972110 218.270700 62.295556 218.136652
69.934360 220.317400 62.194326 220.214381
69.972850 222.305500 62.096930 222.297600
69.981630 224.353700 61.965700 224.407069
69.981870 226.399100 61.843412 226.470771
69.949190 228.454500 61.687791 228.577116
69.907170 230.454300 61.513485 230.541745
69.859830 232.418200 61.347811 232.525456
69.810200 234.247600 61.220473 234.331470
69.754960 235.896800 61.063673 236.012056
69.602960 237.437200 60.855463 237.519470
69.315000 238.920100 60.438019 239.000568
68.846420 240.276600 59.892139 240.325762
68.166090 241.479400 59.147003 241.461729
67.318270 242.492800 58.282858 242.405673
66.332240 243.344200 57.250166 243.189318
65.260110 243.991900 56.123867 243.778170
64.140300 244.474300 55.009577 244.166654
62.867510 244.772700 53.693223 244.400438
61.458940 244.926000 52.265318 244.475331
59.947420 244.952000 50.790105 244.386004
58.335370 244.902100 49.207462 244.216466
56.595980 244.824000 47.466594 244.010549
54.694040 244.743800 45.567506 243.791985
52.650420 244.604800 43.467634 243.557668
50.451970 244.390700 41.221363 243.317053
48.058070 244.235000 38.778186 243.053366
45.515050 244.100900 36.172421 242.795476
42.921790 243.969200 33.545727 242.530035
40.316590 243.840300 30.912476 242.270819
37.706940 243.722400 28.270628 242.022943
35.094890 243.629800 25.699600 241.701310
32.472950 243.489000 23.116805 241.398604
29.851950 243.348200 20.589318 241.085807
27.264200 243.258500 18.070416 240.771262
24.724050 243.174900 15.579304 240.525064
22.210390 243.091000 13.109969 240.272714
19.736330 242.979500 10.685637 239.940759
17.311070 242.850400 8.344276 239.653444
14.901790 242.682800 5.929807 239.337641
12.542000 242.455300 3.612743 238.959203
10.258080 242.218100 1.358805 238.575775
8.077281 241.997300 -0.822243 238.246086
6.032146 241.805400 -2.810291 237.911931
4.114420 241.647100 -4.695066 237.643477
2.325909 241.523700 -6.466902 237.387134
0.684853 241.422100 -8.181110 237.291733
-0.804697 241.361800 -9.719811 237.216360
-2.147061 241.322400 -11.060788 237.132214
-3.335045 241.321100 -12.272332 237.059615
-4.362696 241.347700 -13.301141 236.972215
-5.195608 241.375100 -14.115177 236.950047
-5.787975 241.411000 -14.732398 236.876516
-6.148943 241.435700 -15.070730 236.853420
-6.347609 241.453500 -15.240015 236.848042
-6.441034 241.457400 -15.279423 236.893626
-6.441440 241.456100 -15.285696 236.882156
-6.439927 241.462600 -15.284319 236.882378
-6.440440 241.482800 -15.282391 236.887236
-6.480607 241.498100 -15.290808 236.886403
-6.560264 241.507700 -15.324054 236.900774
-6.742488 241.516100 -15.476287 236.933854
-7.099251 241.541700 -15.829647 236.910008
-7.627305 241.597900 -16.362385 236.955797
-8.293171 241.705000 -17.058540 236.988642
-9.050632 241.890800 -17.830360 237.131269
-9.863606 242.207700 -18.609967 237.359703
-10.727660 242.661600 -19.460938 237.750553
-11.566170 243.294100 -20.302651 238.325500
-12.317670 244.121800 -21.102266 239.060269
-12.969870 245.164100 -21.868553 240.063227
-13.469580 246.441200 -22.493715 241.354915
-13.828110 247.877300 -22.958301 242.831892
-14.057520 249.558000 -23.263491 244.481491
-14.176210 251.405900 -23.478711 246.350439
-14.264690 253.405000 -23.690728 248.284930
-14.328890 255.544200 -23.884800 250.430998
-14.399650 257.837600 -24.074483 252.726139
-14.471380 260.263200 -24.262820 255.119084
-14.561590 262.807800 -24.535633 257.599342
-14.652820 265.491700 -24.800707 260.228038
-14.739760 268.254400 -25.043531 262.997265
-14.858340 271.134800 -25.355156 265.782637
-14.973530 274.134700 -25.679851 268.770270
-15.069550 277.175700 -26.009298 271.790862
-15.175210 280.293600 -26.335255 274.889039
-15.297230 283.446400 -26.688355 278.043272
-15.436590 286.619600 -27.058238 281.168081
-15.585790 289.810900 -27.440916 284.330977
-15.736240 292.959600 -27.779386 287.497326
-15.885310 296.071900 -28.153487 290.576390
-16.046970 299.165600 -28.536583 293.682334
-16.219660 302.246300 -28.945009 296.704181
-16.389710 305.314100 -29.336546 299.691264
-16.559690 308.378300 -29.748208 302.708379
-16.709350 311.458900 -30.079625 305.762971
-16.839300 314.563300 -30.471627 308.866739
-16.972270 317.709200 -30.872971 311.959665
-17.118400 320.893100 -31.251380 315.093500
-17.281700 324.127200 -31.638404 318.325039
-17.454380 327.375400 -32.055767 321.564955
-17.614190 330.593900 -32.421523 324.804730
-17.775860 333.802500 -32.828458 327.962238
-17.959610 336.995200 -33.211724 331.127916
-18.128440 340.134300 -33.618043 334.184061
-18.295640 343.191900 -33.979772 337.234925
-18.453080 346.169000 -34.348074 340.172643
-18.632610 349.056200 -34.733898 343.014726
-18.817710 351.841100 -35.117346 345.717950
-18.986450 354.488400 -35.505339 348.341309
-19.124870 356.982400 -35.878687 350.774789
-19.220930 359.289500 -36.100364 353.156659
-19.310450 361.377700 -36.412829 355.212300
-19.390050 363.254000 -36.624042 357.090509
-19.458340 364.945900 -36.828115 358.772697
-19.552440 366.417400 -37.057040 360.249521
-19.716910 367.755600 -37.326583 361.602545
-19.992010 369.044200 -37.733696 362.870930
-20.413100 370.267200 -38.302138 364.031934
-20.994480 371.390500 -38.869612 365.098681
-21.767920 372.412000 -39.728561 366.052884
-22.740410 373.381300 -40.716138 366.885110
-23.931400 374.199500 -41.900544 367.575508
-25.311900 374.775400 -43.351566 368.076618
-26.849130 375.102700 -44.943909 368.250805
-28.541320 375.088500 -46.611295 368.088220
-30.331610 374.930400 -48.403790 367.816852
-32.178580 374.714400 -50.237503 367.482595
-34.124600 374.519300 -52.120741 367.072533
-36.192510 374.312000 -54.129543 366.664719
-38.360350 374.089000 -56.285115 366.266173
-40.674090 373.890900 -58.542830 365.879233
-43.125350 373.717400 -60.910928 365.412575
-45.733890 373.570600 -63.535230 364.994280
-48.422050 373.450300 -66.170561 364.568890
-51.153580 373.336900 -68.878217 364.157523
-53.919190 373.217300 -71.649822 363.708558
-56.668140 373.082400 -74.349342 363.266709
-59.399580 372.949600 -77.065677 362.818077
-62.128270 372.797100 -79.800854 362.345123
-64.827270 372.599800 -82.511916 361.847283
-67.509200 372.402100 -85.117454 361.339267
-70.186170 372.208700 -87.710249 360.872389
-72.845340 372.028400 -90.358832 360.372174
-75.495320 371.886100 -92.963669 359.937309
-78.116050 371.787300 -95.563474 359.569048
-80.717850 371.718500 -98.201912 359.256038
-83.311780 371.694800 -100.785644 358.946406
-85.842710 371.709900 -103.318731 358.666247
-88.215690 371.734100 -105.679952 358.458279
-90.402660 371.755300 -107.844996 358.244058
-92.376860 371.747200 -109.768788 358.011016
-94.181170 371.700000 -111.522787 357.808431
-95.954170 371.610100 -113.335996 357.513287
-97.692900 371.484000 -115.039956 357.196846
-99.428840 371.332400 -116.755636 356.845617
-101.212400 371.150100 -118.554455 356.422957
-103.049100 370.929900 -120.357824 355.976824
-104.963700 370.712900 -122.266485 355.524527
-106.999900 370.469800 -124.303838 355.025230
-109.147400 370.218500 -126.432379 354.525286
-111.413900 369.990500 -128.655487 354.038855
-113.850400 369.787500 -131.035283 353.516370
-116.381500 369.587900 -133.569463 353.008538
-119.079000 369.402000 -136.228653 352.525012
-121.870500 369.312400 -138.999507 352.068780
-124.798000 369.251000 -141.875089 351.651042
-127.749200 369.222000 -144.832261 351.283620
-130.738100 369.191300 -147.830376 350.926656
-133.724900 369.151000 -150.755871 350.480041
-136.693200 369.116700 -153.699552 350.096252
-139.640200 369.026200 -156.625457 349.661375
-142.545400 368.909400 -159.473007 349.187001
-145.452900 368.800400 -162.349163 348.713723
-148.326000 368.653700 -165.180949 348.190296
-151.184500 368.483700 -168.022102 347.654251
-154.029500 368.306700 -170.809954 347.111172
-156.834000 368.110800 -173.593013 346.577905
-159.601600 367.929800 -176.365124 346.038921
-162.352900 367.769700 -179.036814 345.562986
-165.025300 367.622800 -181.721233 345.099795
-167.587100 367.473600 -184.226258 344.647861
-169.989700 367.347100 -186.631095 344.248844
-172.229800 367.237400 -188.874054 343.869227
-174.255000 367.118500 -190.844586 343.492375
-176.113500 366.976300 -192.638759 343.136249
-177.851600 366.825100 -194.325328 342.782371
-179.482200 366.619100 -195.918817 342.384431
-181.041000 366.257200 -197.424503 341.798307
-182.506900 365.700900 -198.825028 340.960875
-183.830900 364.922700 -199.994093 340.124039
-184.967900 363.901900 -200.963932 339.012313
-185.900600 362.645300 -201.770488 337.667876
-186.575700 361.163300 -202.302846 336.083223
-186.999600 359.497900 -202.532524 334.392856
-187.152300 357.675600 -202.401627 332.611133
-187.206000 355.773500 -202.205990 330.685674
-187.197400 353.800900 -201.957811 328.731302
-187.078300 351.712900 -201.533315 326.665375
-186.904300 349.515700 -201.055148 324.469901
-186.700200 347.199500 -200.521235 322.146096
-186.441500 344.761700 -199.944970 319.692077
-186.138100 342.245600 -199.326126 317.197997
-185.836200 339.600700 -198.739242 314.574132
-185.558800 336.870000 -198.103974 311.898489
-185.300200 334.088400 -197.470093 309.146753
-185.053400 331.295700 -196.872262 306.420744
-184.825700 328.513100 -196.294769 303.683786
