0 0.000314 0.026543 100.000000 7.246377
0 0.000235 0.023812 200.000000 7.117438
0 0.000189 0.031356 300.000000 7.211538
0 0.000151 0.028571 400.000000 6.525285
0 0.000175 0.036494 500.000000 7.012623
0 0.000192 0.040383 600.000000 6.993007
0 0.000177 0.042385 700.000000 7.106599
10 0.000306 0.010303 100.000000 7.142857
10 0.000100 0.008691 200.000000 7.117438
10 0.000161 0.012077 300.000000 7.042253
10 0.000114 0.013885 400.000000 6.525285
10 0.000138 0.020048 500.000000 6.954103
10 0.000151 0.025579 600.000000 6.993007
10 0.000144 0.028947 700.000000 7.113821
20 0.000303 0.005085 100.000000 7.092198
20 0.000133 0.009943 200.000000 7.092198
20 0.000150 0.014413 300.000000 6.960557
20 0.000128 0.016166 400.000000 6.535948
20 0.000163 0.022372 500.000000 6.868132
20 0.000155 0.027727 600.000000 6.993007
30 0.000286 0.004348 100.000000 7.042253
30 0.000128 0.010322 200.000000 7.067138
30 0.000109 0.015111 300.000000 6.928406
30 0.000137 0.017057 400.000000 6.546645
30 0.000165 0.022494 500.000000 6.811989
30 0.000155 0.028497 600.000000 7.001167
40 0.000258 0.004395 100.000000 6.896552
40 0.000146 0.011306 200.000000 7.017544
40 0.000128 0.015549 300.000000 6.912442
40 0.000145 0.017892 400.000000 6.557377
40 0.000171 0.022572 500.000000 6.784261
40 0.000162 0.029451 600.000000 7.001167
50 0.000158 0.004038 100.000000 6.493506
50 0.000136 0.011543 200.000000 6.968641
50 0.000118 0.013842 300.000000 6.880734
50 0.000133 0.017684 400.000000 6.557377
50 0.000164 0.022090 500.000000 6.775068
50 0.000157 0.029966 600.000000 6.993007
60 0.000167 0.004378 100.000000 6.097561
60 0.000165 0.014168 200.000000 6.920415
60 0.000119 0.014991 300.000000 6.849315
60 0.000147 0.019955 400.000000 6.568144
60 0.000165 0.024095 500.000000 6.765900
60 0.000156 0.031758 600.000000 6.993007
70 0.000226 0.007673 100.000000 5.917160
70 0.000170 0.017121 200.000000 6.849315
70 0.000121 0.016212 300.000000 6.802721
70 0.000164 0.022351 400.000000 6.578948
70 0.000170 0.025954 500.000000 6.765900
70 0.000164 0.034227 600.000000 6.976744
80 0.000162 0.009237 100.000000 5.917160
80 0.000148 0.015221 200.000000 6.802721
80 0.000136 0.014781 300.000000 6.726458
80 0.000151 0.020995 400.000000 6.611570
80 0.000163 0.024431 500.000000 6.775068
80 0.000157 0.032880 600.000000 6.944445
90 0.000190 0.010050 100.000000 5.988024
90 0.000154 0.016758 200.000000 6.825939
90 0.000120 0.015631 300.000000 6.185567
90 0.000167 0.022712 400.000000 6.655574
90 0.000167 0.025670 500.000000 6.793478
90 0.000182 0.033235 600.000000 6.928406
100 0.000220 0.012918 100.000000 6.172840
100 0.000187 0.021219 200.000000 6.896552
100 0.000124 0.018624 300.000000 6.134969
100 0.000180 0.026214 400.000000 6.711410
100 0.000180 0.028212 500.000000 6.830601
100 0.000189 0.034670 600.000000 6.944445
110 0.000355 0.023069 100.000000 6.369427
110 0.000238 0.031891 200.000000 6.993007
110 0.000157 0.025801 300.000000 6.160164
110 0.000203 0.035013 400.000000 6.779661
110 0.000211 0.036629 500.000000 6.858711
110 0.000210 0.041387 600.000000 6.976744
120 0.000458 0.030993 100.000000 6.622517
120 0.000303 0.041244 200.000000 7.092198
120 0.000201 0.032580 300.000000 6.211180
120 0.000226 0.043433 400.000000 6.849315
120 0.000234 0.043629 500.000000 6.887053
120 0.000217 0.046149 600.000000 7.017544
130 0.000503 0.035159 100.000000 6.802721
130 0.000343 0.045634 200.000000 7.142857
130 0.000224 0.036071 300.000000 6.263048
130 0.000239 0.047737 400.000000 6.908463
130 0.000245 0.046557 500.000000 6.915629
130 0.000222 0.047357 600.000000 7.050529
140 0.000458 0.033689 100.000000 6.944445
140 0.000356 0.042454 200.000000 7.092198
140 0.000212 0.034720 300.000000 6.302521
140 0.000227 0.045391 400.000000 6.932409
140 0.000236 0.044301 500.000000 6.934813
140 0.000209 0.044274 600.000000 7.075472
150 0.000421 0.035069 100.000000 6.993007
150 0.000374 0.042061 200.000000 6.920415
150 0.000226 0.036075 300.000000 6.329114
150 0.000228 0.046482 400.000000 6.872852
150 0.000230 0.044836 500.000000 6.944445
150 0.000207 0.042895 600.000000 7.092198
160 0.000445 0.038223 100.000000 6.993007
160 0.000346 0.042186 200.000000 6.849315
160 0.000223 0.038110 300.000000 6.355932
160 0.000255 0.046952 400.000000 6.779661
160 0.000226 0.045795 500.000000 6.963789
170 0.000454 0.039297 100.000000 7.042253
170 0.000279 0.041633 200.000000 6.849315
170 0.000221 0.039211 300.000000 6.382979
170 0.000249 0.045875 400.000000 6.745363
170 0.000225 0.046772 500.000000 6.973501
180 0.000456 0.037637 100.000000 7.042253
180 0.000279 0.038437 200.000000 6.872852
180 0.000218 0.037920 300.000000 6.423983
180 0.000242 0.042875 400.000000 6.734007
180 0.000223 0.045503 500.000000 7.002801
190 0.000409 0.033402 100.000000 7.194244
190 0.000257 0.032818 200.000000 6.944445
190 0.000204 0.034413 300.000000 6.465517
190 0.000228 0.038023 400.000000 6.768189
190 0.000213 0.042047 500.000000 7.032349
200 0.000351 0.023893 100.000000 7.407407
200 0.000216 0.024715 200.000000 7.042253
200 0.000184 0.027987 300.000000 6.535948
200 0.000208 0.030551 400.000000 6.814310
200 0.000195 0.035673 500.000000 7.082153
210 0.000250 0.009042 100.000000 7.633588
210 0.000139 0.011491 200.000000 7.142857
210 0.000162 0.014868 300.000000 6.622517
210 0.000173 0.016510 400.000000 6.872852
210 0.000159 0.024659 500.000000 7.132668
220 0.000250 0.008335 100.000000 7.874016
220 0.000121 0.009921 200.000000 7.246377
220 0.000162 0.014359 300.000000 6.696429
220 0.000167 0.016889 400.000000 6.932409
220 0.000155 0.026177 500.000000 7.173601
230 0.000351 0.009140 100.000000 8.000000
230 0.000114 0.009114 200.000000 7.326007
230 0.000170 0.014329 300.000000 6.772009
230 0.000169 0.017078 400.000000 6.968641
230 0.000160 0.027150 500.000000 7.215007
240 0.000225 0.009779 100.000000 8.064516
240 0.000123 0.010829 200.000000 7.326007
240 0.000155 0.016683 300.000000 6.818182
240 0.000159 0.018571 400.000000 7.005254
240 0.000155 0.027888 500.000000 7.215007
250 0.000221 0.010418 100.000000 7.936508
250 0.000142 0.009395 200.000000 7.117438
250 0.000176 0.015703 300.000000 6.864988
250 0.000166 0.018493 400.000000 7.017544
250 0.000160 0.028825 500.000000 7.173601
260 0.000225 0.011122 100.000000 7.751938
260 0.000105 0.012164 200.000000 6.116208
260 0.000173 0.017465 300.000000 6.896552
260 0.000169 0.019381 400.000000 6.993007
260 0.000185 0.028106 500.000000 7.112376
270 0.000242 0.012995 100.000000 7.575758
270 0.000134 0.014398 200.000000 6.006006
270 0.000167 0.019425 300.000000 6.912442
270 0.000179 0.021329 400.000000 6.944445
270 0.000170 0.028420 500.000000 7.082153
280 0.000294 0.015206 100.000000 7.246377
280 0.000119 0.017963 200.000000 5.988024
280 0.000160 0.022250 300.000000 6.896552
280 0.000184 0.024082 400.000000 6.908463
280 0.000161 0.029211 500.000000 7.082153
290 0.000338 0.014243 100.000000 6.802721
290 0.000143 0.015818 200.000000 6.006006
290 0.000172 0.021003 300.000000 6.818182
290 0.000182 0.024963 400.000000 6.908463
290 0.000166 0.029126 500.000000 7.092198
300 0.000291 0.014111 100.000000 6.622517
300 0.000140 0.016253 200.000000 6.042296
300 0.000196 0.020742 300.000000 6.696429
300 0.000182 0.026707 400.000000 6.932409
310 0.000104 0.009866 100.000000 6.622517
310 0.000154 0.010880 200.000000 6.079027
310 0.000201 0.015876 300.000000 6.637168
310 0.000176 0.026150 400.000000 6.944445
320 0.000113 0.009548 100.000000 6.622517
320 0.000157 0.010575 200.000000 6.116208
320 0.000197 0.014849 300.000000 6.607930
320 0.000182 0.026422 400.000000 6.968641
330 0.000091 0.005781 100.000000 6.666667
330 0.000153 0.008115 200.000000 6.134969
330 0.000191 0.012698 300.000000 6.622517
330 0.000176 0.025667 400.000000 6.980803
340 0.000085 0.004717 100.000000 6.622517
340 0.000169 0.008329 200.000000 6.172840
340 0.000192 0.015069 300.000000 6.622517
340 0.000173 0.028102 400.000000 6.993007
350 0.000146 0.009315 100.000000 6.666667
350 0.000193 0.009869 200.000000 6.230530
350 0.000155 0.007992 300.000000 6.651885
350 0.000148 0.020382 400.000000 7.005254
360 0.000132 0.007658 100.000000 6.666667
360 0.000173 0.010334 200.000000 6.289308
360 0.000167 0.013856 300.000000 6.681514
360 0.000159 0.026523 400.000000 7.017544
370 0.000259 0.011295 100.000000 6.578948
370 0.000175 0.015422 200.000000 6.369427
370 0.000200 0.022161 300.000000 6.711410
370 0.000188 0.034346 400.000000 7.005254
380 0.000161 0.013442 100.000000 5.208333
380 0.000213 0.016145 200.000000 6.451613
380 0.000205 0.023597 300.000000 6.756757
380 0.000212 0.035401 400.000000 6.968641
390 0.000116 0.016695 100.000000 4.975124
390 0.000187 0.014304 200.000000 6.514658
390 0.000205 0.022205 300.000000 6.756757
390 0.000215 0.032871 400.000000 6.944445
400 0.000174 0.016065 100.000000 4.926108
400 0.000183 0.013990 200.000000 6.578948
400 0.000220 0.023362 300.000000 6.741573
400 0.000199 0.032467 400.000000 6.956522
410 0.000194 0.012627 100.000000 5.000000
410 0.000188 0.012321 200.000000 6.666667
410 0.000213 0.023137 300.000000 6.756757
410 0.000189 0.031003 400.000000 6.993007
420 0.000196 0.009597 100.000000 5.102041
420 0.000161 0.005624 200.000000 6.734007
420 0.000182 0.017539 300.000000 6.802721
420 0.000166 0.024819 400.000000 7.042253
430 0.000287 0.006331 100.000000 5.235602
430 0.000177 0.001943 200.000000 6.779661
430 0.000160 0.016723 300.000000 6.880734
430 0.000154 0.022822 400.000000 7.117438
440 0.000318 0.005505 100.000000 5.376344
440 0.000183 0.001965 200.000000 6.756757
440 0.000163 0.016595 300.000000 6.960557
440 0.000155 0.022745 400.000000 7.181329
450 0.000290 0.002463 100.000000 5.494505
450 0.000202 0.005143 200.000000 6.688963
450 0.000172 0.020790 300.000000 7.009346
460 0.000298 0.009348 100.000000 5.555555
460 0.000253 0.012342 200.000000 6.600660
460 0.000201 0.027646 300.000000 7.042253
470 0.000289 0.006759 100.000000 5.617978
470 0.000255 0.012130 200.000000 6.578948
470 0.000213 0.029064 300.000000 7.058824
480 0.000305 0.005065 100.000000 5.681818
480 0.000257 0.013392 200.000000 6.578948
480 0.000211 0.030020 300.000000 7.075472
490 0.000356 0.007142 100.000000 5.714286
490 0.000265 0.017455 200.000000 6.600660
490 0.000209 0.033377 300.000000 7.092198
500 0.000380 0.009725 100.000000 5.813953
500 0.000255 0.019841 200.000000 6.622517
500 0.000214 0.034906 300.000000 7.109005
510 0.000407 0.011819 100.000000 5.917160
510 0.000256 0.022720 200.000000 6.666667
510 0.000217 0.037477 300.000000 7.125891
520 0.000423 0.006166 100.000000 6.097561
520 0.000244 0.021685 200.000000 6.756757
520 0.000204 0.035978 300.000000 7.142857
530 0.000426 0.005581 100.000000 6.369427
530 0.000242 0.022399 200.000000 6.896552
530 0.000205 0.036251 300.000000 7.194244
540 0.000430 0.007710 100.000000 6.756757
540 0.000247 0.022724 200.000000 7.092198
540 0.000223 0.036633 300.000000 7.317073
550 0.000407 0.006817 100.000000 7.246377
550 0.000236 0.022118 200.000000 7.352941
550 0.000217 0.035539 300.000000 7.500000
560 0.000401 0.007012 100.000000 7.751938
560 0.000223 0.020133 200.000000 7.633588
560 0.000214 0.033499 300.000000 7.672634
570 0.000381 0.009618 100.000000 8.333333
570 0.000233 0.021497 200.000000 7.874016
570 0.000231 0.034418 300.000000 7.812500
580 0.000365 0.018230 100.000000 8.849558
580 0.000274 0.025306 200.000000 8.064516
580 0.000279 0.037913 300.000000 7.915567
590 0.000366 0.028190 100.000000 9.345795
590 0.000337 0.032643 200.000000 8.196721
590 0.000302 0.043838 300.000000 7.978724
600 0.000306 0.024360 100.000000 9.708738
600 0.000337 0.030671 200.000000 8.196721
600 0.000269 0.040281 300.000000 8.021390
610 0.000301 0.023596 100.000000 9.900990
610 0.000331 0.031311 200.000000 8.163265
610 0.000247 0.038894 300.000000 8.042895
620 0.000259 0.020811 100.000000 9.433962
620 0.000307 0.031036 200.000000 8.097166
620 0.000234 0.035957 300.000000 8.042895
630 0.000382 0.020116 100.000000 8.474576
630 0.000297 0.032694 200.000000 8.097166
640 0.000425 0.019067 100.000000 7.936508
640 0.000291 0.034888 200.000000 8.064516
650 0.000376 0.015015 100.000000 7.751938
650 0.000280 0.033148 200.000000 8.032128
660 0.000367 0.017430 100.000000 7.692307
660 0.000263 0.035218 200.000000 8.000000
670 0.000366 0.020470 100.000000 7.633588
670 0.000269 0.036324 200.000000 7.968128
680 0.000341 0.022998 100.000000 7.462687
680 0.000251 0.036262 200.000000 7.812500
690 0.000434 0.025177 100.000000 7.352941
690 0.000342 0.039095 200.000000 7.518797
700 0.000454 0.025301 100.000000 7.042253
700 0.000303 0.035951 200.000000 7.352941
710 0.000484 0.028400 100.000000 6.896552
710 0.000272 0.036127 200.000000 7.326007
720 0.000462 0.031585 100.000000 6.944445
720 0.000265 0.035828 200.000000 7.380074
730 0.000428 0.032770 100.000000 7.194244
730 0.000250 0.035308 200.000000 7.547170
740 0.000363 0.027395 100.000000 7.462687
740 0.000216 0.029721 200.000000 7.692307
750 0.000247 0.019067 100.000000 7.751938
760 0.000188 0.016345 100.000000 8.000000
770 0.000180 0.016387 100.000000 8.196721
780 0.000170 0.018093 100.000000 8.264462
790 0.000161 0.018768 100.000000 8.264462
800 0.000183 0.019276 100.000000 8.264462
810 0.000174 0.020492 100.000000 8.130081
820 0.000174 0.017910 100.000000 7.751938
830 0.000280 0.013896 100.000000 7.518797
840 0.000215 0.010706 100.000000 7.575758
850 0.000163 0.011396 100.000000 7.692307
860 0.000159 0.009461 100.000000 7.812500
870 0.000163 0.010395 100.000000 7.874016
